40
2669
2708
2798
2822
2859
2940
2979
3024
3071
3204
3228
3255
3289
3326
3448
3521
3591
3616
3634
3655
3679
3699
3719
3765
3837
3851
3863
3878
3891
3907
3919
3937
4022
4053
4072
4090
4111
4150
4331
4364
4385
4407
4443
4479
4530
4550
4577
4620
4644
4682
4712
4799
4835
4852
4872
4918
5001
5036
5056
5084
5114
5153
5183
5216
5261
5300
5332
5354
5392
5490
5515
5579
5607
5630
5656
5688
5728
5759
5777
5804
5830
5858
5891
5926
5963
5985
6007
6030
6059
6083
6123
6162
6206
6232
6264
6318
6345
6394
6427
6498
6540
6576
6624
6657
6694
6721
6757
6789
6824
6851
6859
6888
6923
6948
6978
7008
7038
7066
7094
7125
7158
7182
7213
7251
7289
7315
7339
7367
7390
7414
7449
7503
7531
7604
7647
7674
7700
7725
7755
7782
7810
7843
7889
7914
7940
7979
8000
8040
8094
8147
8188
8231
8260
8298
8335
8379
8409
8437
8464
8489
8514
8553
8726
8767
8812
8852
8873
8895
8936
8964
8996
9025
9051
9080
9101
9124
9157
9193
9221
9277
9320
9383
9424
9470
9548
9594
9620
9676
9721
9758
9797
9825
9853
9875
9898
9941
9978
10006
10026
10050
10087
10117
10146
10184
10242
10283
10310
10357
10386
10409
10448
10487
10508
10532
10560
10589
10658
10709
10734
10789
10817
10844
10896
10945
10981
11011
11069
11106
11171
11227
11250
11289
11338
11368
11398
11467
11518
11578
11627
11670
11722
11770
11832
11875
11927
11967
12024
12071
12104
12155
12186
12217
12281
12328
12394
12424
12450
12476
12518
12551
12604
12639
12665
12685
12700
12726
12750
12779
12803
12853
12875
12895
12912
12939
12966
12980
12996
13003
13026
13045
13059
13084
13116
13138
13167
13189
13210
13266
13313
13351
13376
13396
13423
13460
13493
13522
13543
13575
13602
13636
13665
13696
13720
13741
13770
13797
13826
13854
13878
13894
13923
13948
13978
13996
14040
14089
14117
14142
14173
14194
14214
14239
14267
14304
14344
14374
14401
14431
14451
14480
14491
14524
14537
14548
14595
14639
14668
14692
14720
14745
14770
14801
14826
14852
14882
14915
14939
14967
14987
15010
15029
15072
15092
15111
15140
15160
15182
15217
15242
15261
15288
15303
15323
15350
15368
15404
15418
15433
15450
15478
15494
15517
15526
15544
15558
15572
15582
15607
15622
15646
15669
15686
15700
